0:
(0.24)	(0.18)	(0.24)	(0.06)	(0.24)	(0.18)	(0.24)	(0.18)	(0.24)	(0.18)	(0.24)	(0.18)	(0.24)	(0.18)	(0.24)	(0.18)	
(0.06)	(0.06)	
(0.24)	(0.18)	(0.24)	(0.18)	(0.24)	(0.18)	(0.24)	
1:
 (-) 	(1.0)	(1.0)	(0.14)	(1.0)	(1.0)	(1.0)	(0.43)	(1.0)	(1.0)	(1.0)	(0.43)	(1.0)	(1.0)	(1.0)	(0.43)	
 (-) 	(1.0)	
 (-) 	(0.43)	(1.0)	(0.43)	(1.0)	(0.43)	(1.0)	
2:
 (-) 	 (-) 	(1.0)	(0.17)	(1.0)	(1.0)	(1.0)	(0.5)	(1.0)	(1.0)	(1.0)	(0.5)	(1.0)	(1.0)	(1.0)	(0.5)	

 (-) 	 (-) 	(1.0)	(0.33)	(1.0)	(0.33)	(1.0)	
3:
 (-) 	 (-) 	 (-) 	(0.25)	(1.0)	(1.0)	(1.0)	(0.75)	(1.0)	(1.0)	(1.0)	(0.75)	(1.0)	(1.0)	(1.0)	(0.75)	

 (-) 	 (-) 	 (-) 	(1.0)	(1.0)	(1.0)	(1.0)	
4:
 (-) 	 (-) 	 (-) 	 (-) 	(1.0)	(1.0)	(1.0)	(1.0)	(1.0)	(1.0)	(1.0)	(1.0)	(1.0)	(1.0)	(1.0)	(1.0)	

 (-) 	 (-) 	 (-) 	 (-) 	(1.0)	(1.0)	(1.0)	
5:
 (-) 	 (-) 	 (-) 	 (-) 	 (-) 	(1.0)	(1.0)	(1.0)	(1.0)	(1.0)	(1.0)	(1.0)	(1.0)	(1.0)	(1.0)	(1.0)	

 (-) 	 (-) 	 (-) 	 (-) 	 (-) 	(1.0)	(1.0)	
